[INFO] Scanning for projects...
[INFO] 
[INFO] ------------------< com.aqua:aqua-management-system >-------------------
[INFO] Building Aqua Management System 1.0.0
[INFO]   from pom.xml
[INFO] --------------------------------[ jar ]---------------------------------
[WARNING] 6 problems were encountered while building the effective model for org.openjfx:javafx-controls:jar:21.0.2 during dependency collection step for project (use -X to see details)
[INFO] 
[INFO] --- resources:3.3.1:resources (default-resources) @ aqua-management-system ---
[INFO] Copying 3 resources from src\main\resources to target\classes
[INFO] 
[INFO] --- compiler:3.11.0:compile (default-compile) @ aqua-management-system ---
[INFO] Nothing to compile - all classes are up to date
[INFO] 
[INFO] --- exec:3.6.3:exec (default-cli) @ aqua-management-system ---
Reading Excel file...
Row 0: [Company name] [Rate ] [DAY] [] [] [] [] [] [] [] [] [] [] [] [] [] [] [] [] [] [] [] [] [] [] [] [] [] [] [] [] [] [] [Qty] [Total] [Grand Total] [Mobile NO] 
Row 1: [] [] [1.0] [2.0] [3.0] [4.0] [5.0] [6.0] [7.0] [8.0] [9.0] [10.0] [11.0] [12.0] [13.0] [14.0] [15.0] [16.0] [17.0] [18.0] [19.0] [20.0] [21.0] [22.0] [23.0] [24.0] [25.0] [26.0] [27.0] [28.0] [29.0] [30.0] [31.0] [] [] [] [] 
Row 2: [Fafal Roofs] [NA] [] [] [] [] [] [] [] [] [] [] [] [] [] [] [] [] [] [] [] [] [] [] [] [] [] [] [] [] [] [] [] [] [] [] [9.850160416E9] 
Row 3: [Prolofic eng] [NA] [] [] [] [] [] [] [] [] [] [] [] [] [] [] [] [] [] [] [] [] [] [] [] [] [] [] [] [] [] [] [] [] [] [] [9.011540394E9] 
Row 4: [Emerging Buildcon] [NA] [] [] [] [] [] [] [] [] [] [] [] [] [] [] [] [] [] [] [] [] [] [] [] [] [] [] [] [] [] [] [] [] [] [] [9.146028961E9] 
Row 5: [Hanuman eng] [NA] [] [] [] [] [] [] [] [] [] [] [] [] [] [] [] [] [] [] [] [] [] [] [] [] [] [] [] [] [] [] [] [] [] [] 
Row 6: [SS Enterprises] [25.0] [3.0] [4.0] [3.0] [4.0] [5.0] [3.0] [4.0] [5.0] [3.0] [4.0] [3.0] [4.0] [5.0] [3.0] [4.0] [4.0] [5.0] [3.0] [4.0] [3.0] [4.0] [5.0] [3.0] [4.0] [3.0] [4.0] [5.0] [3.0] [4.0] [5.0] [] [F:116.0] [F:2900.0] [F:5848.0] [9.657776665E9] 
Row 7: [] [22.0] [5.0] [6.0] [5.0] [4.0] [4.0] [5.0] [4.0] [5.0] [4.0] [4.0] [4.0] [5.0] [5.0] [5.0] [4.0] [4.0] [4.0] [5.0] [5.0] [5.0] [4.0] [6.0] [5.0] [4.0] [3.0] [4.0] [5.0] [4.0] [3.0] [4.0] [] [F:134.0] [F:2948.0] [] [] 
Row 8: [Omkar eng] [30.0] [3.0] [3.0] [2.0] [3.0] [2.0] [3.0] [4.0] [3.0] [2.0] [4.0] [3.0] [2.0] [3.0] [4.0] [3.0] [2.0] [3.0] [4.0] [3.0] [2.0] [3.0] [4.0] [3.0] [2.0] [2.0] [3.0] [2.0] [3.0] [2.0] [3.0] [] [F:85.0] [F:2550.0] [2550.0] [9.76201566E9] 
Row 9: [Accurate eng] [30.0] [] [] [] [] [] [] [] [] [] [] [] [] [] [] [] [] [] [] [] [] [] [] [] [] [] [] [] [] [] [] [] [] [] [] [9.890221433E9] 
Row 10: [M.S] [30.0] [3.0] [1.0] [4.0] [5.0] [4.0] [4.0] [3.0] [] [4.0] [4.0] [5.0] [4.0] [4.0] [5.0] [4.0] [4.0] [] [3.0] [4.0] [5.0] [3.0] [4.0] [5.0] [3.0] [] [4.0] [5.0] [3.0] [4.0] [4.0] [] [F:105.0] [F:3150.0] [3150.0] [9.766791002E9] 
Row 11: [Balaji] [30.0] [4.0] [] [3.0] [4.0] [3.0] [4.0] [3.0] [] [4.0] [5.0] [3.0] [4.0] [5.0] [3.0] [2.0] [3.0] [] [4.0] [3.0] [4.0] [4.0] [3.0] [4.0] [4.0] [] [5.0] [3.0] [4.0] [4.0] [3.0] [] [F:95.0] [F:2850.0] [2850.0] [8.892922626E9] 
Row 12: [Datta eng] [40.0] [12.0] [13.0] [11.0] [12.0] [13.0] [13.0] [9.0] [8.0] [7.0] [10.0] [11.0] [12.0] [13.0] [14.0] [9.0] [13.0] [13.0] [10.0] [9.0] [12.0] [13.0] [12.0] [9.0] [8.0] [10.0] [12.0] [11.0] [12.0] [13.0] [13.0] [8.0] [F:337.0] [F:13480.0] [13480.0] [7276098995/7744990819] 
Row 13: [Shri Krushna] [40.0] [3.0] [4.0] [3.0] [4.0] [3.0] [4.0] [3.0] [2.0] [3.0] [4.0] [3.0] [2.0] [3.0] [4.0] [3.0] [2.0] [3.0] [2.0] [3.0] [2.0] [3.0] [4.0] [3.0] [2.0] [5.0] [3.0] [4.0] [3.0] [2.0] [3.0] [] [F:92.0] [F:3680.0] [F:4485.0] [9422024621/8055505164] 
Row 14: [] [35.0] [1.0] [1.0] [1.0] [] [1.0] [1.0] [1.0] [1.0] [1.0] [] [1.0] [1.0] [] [1.0] [1.0] [] [1.0] [1.0] [] [1.0] [1.0] [1.0] [] [1.0] [1.0] [1.0] [] [1.0] [1.0] [1.0] [] [F:23.0] [F:805.0] [] [] 
Row 15: [Matchcraft] [NA] [] [] [] [] [] [] [] [] [] [] [] [] [] [] [] [] [] [] [] [] [] [] [] [] [] [] [] [] [] [] [] [] [] [] [9.028036733E9] 
Row 16: [Elite] [] [] [] [] [] [] [] [] [] [] [] [] [] [] [] [] [] [] [] [] [] [] [] [] [] [] [] [] [] [] [] [] [] [] [] [9.021574063E9] 
Row 17: [Vintalac points] [30.0] [3.0] [4.0] [5.0] [] [3.0] [4.0] [5.0] [4.0] [4.0] [3.0] [4.0] [] [4.0] [4.0] [5.0] [4.0] [5.0] [4.0] [] [5.0] [4.0] [5.0] [3.0] [4.0] [5.0] [] [3.0] [4.0] [5.0] [] [] [F:103.0] [F:3090.0] [F:3630.0] [9.011723319E9] 
Row 18: [] [30.0] [1.0] [1.0] [] [] [1.0] [1.0] [1.0] [] [1.0] [1.0] [1.0] [] [1.0] [1.0] [] [1.0] [1.0] [] [] [1.0] [1.0] [] [1.0] [1.0] [] [] [1.0] [1.0] [] [] [] [F:18.0] [F:540.0] [] [] 
Row 19: [Kunal eng] [35.0] [2.0] [1.0] [1.0] [] [2.0] [1.0] [1.0] [1.0] [2.0] [1.0] [1.0] [] [2.0] [1.0] [1.0] [2.0] [1.0] [1.0] [2.0] [] [1.0] [1.0] [2.0] [1.0] [1.0] [2.0] [] [1.0] [1.0] [] [] [F:33.0] [F:1155.0] [1155.0] [9.822348646E9] 
Row 20: [Unace lasser] [40.0] [1.0] [1.0] [1.0] [] [1.0] [1.0] [1.0] [] [1.0] [1.0] [1.0] [] [1.0] [1.0] [] [] [1.0] [1.0] [1.0] [1.0] [1.0] [1.0] [] [] [1.0] [1.0] [] [] [] [] [] [F:19.0] [F:760.0] [F:1030.0] [7.709281159E9] 
Row 21: [] [30.0] [1.0] [] [] [] [1.0] [] [1.0] [] [] [1.0] [] [] [] [1.0] [] [] [] [] [1.0] [] [1.0] [] [] [] [1.0] [] [] [1.0] [] [] [] [F:9.0] [F:270.0] [] [] 
Row 22: [MD Solution] [30.0] [2.0] [] [1.0] [3.0] [2.0] [1.0] [2.0] [] [3.0] [1.0] [2.0] [1.0] [3.0] [2.0] [1.0] [] [2.0] [1.0] [2.0] [1.0] [3.0] [2.0] [1.0] [] [3.0] [2.0] [1.0] [2.0] [1.0] [] [] [F:45.0] [F:1350.0] [1350.0] [8.400288462E9] 
Row 23: [Gauri eng] [30.0] [3.0] [] [4.0] [3.0] [2.0] [] [3.0] [] [4.0] [3.0] [2.0] [3.0] [4.0] [3.0] [] [2.0] [3.0] [4.0] [] [3.0] [4.0] [3.0] [2.0] [] [3.0] [4.0] [3.0] [2.0] [3.0] [] [] [F:70.0] [F:2100.0] [2100.0] [9.922210938E9] 
Row 24: [Arvind] [NA] [] [] [] [] [] [] [] [] [] [] [] [] [] [] [] [] [] [] [] [] [] [] [] [] [] [] [] [] [] [] [] [] [] [] [8.34069917E9] 
Row 25: [Tanush Industries] [22.0] [1.0] [] [1.0] [] [1.0] [] [1.0] [1.0] [1.0] [] [1.0] [1.0] [] [1.0] [1.0] [1.0] [1.0] [] [1.0] [1.0] [] [1.0] [1.0] [] [1.0] [1.0] [] [1.0] [] [] [] [F:19.0] [F:418.0] [F:8734.0] [9.657776665E9] 
Row 26: [] [22.0] [12.0] [13.0] [12.0] [13.0] [12.0] [13.0] [10.0] [12.0] [13.0] [14.0] [13.0] [12.0] [13.0] [14.0] [13.0] [13.0] [14.0] [13.0] [12.0] [13.0] [14.0] [13.0] [13.0] [14.0] [13.0] [12.0] [13.0] [14.0] [13.0] [5.0] [] [F:378.0] [F:8316.0] [] [] 
Row 27: [Unnati] [NA] [] [] [] [] [] [] [] [] [] [] [] [] [] [] [] [] [] [] [] [] [] [] [] [] [] [] [] [] [] [] [] [] [] [] [9.850907471E9] 
Row 28: [Unicraft] [NA] [] [] [] [] [] [] [] [] [] [] [] [] [] [] [] [] [] [] [] [] [] [] [] [] [] [] [] [] [] [] [] [] [] [] [8.956627794E9] 
Row 29: [SAB] [30.0] [2.0] [] [3.0] [2.0] [3.0] [2.0] [3.0] [2.0] [] [3.0] [2.0] [4.0] [3.0] [2.0] [3.0] [] [2.0] [2.0] [3.0] [2.0] [3.0] [2.0] [] [2.0] [3.0] [2.0] [1.0] [2.0] [1.0] [] [] [F:59.0] [F:1770.0] [1770.0] [8.308801622E9] 
Row 30: [HT Filteration] [30.0] [3.0] [] [2.0] [2.0] [2.0] [3.0] [2.0] [2.0] [] [3.0] [2.0] [2.0] [3.0] [2.0] [1.0] [] [2.0] [3.0] [2.0] [1.0] [3.0] [2.0] [] [1.0] [2.0] [3.0] [2.0] [1.0] [3.0] [] [] [F:54.0] [F:1620.0] [1620.0] [9.850030442E9] 
Row 31: [Ritesh ent] [30.0] [2.0] [] [2.0] [2.0] [3.0] [1.0] [2.0] [1.0] [] [3.0] [2.0] [2.0] [1.0] [2.0] [3.0] [] [3.0] [2.0] [2.0] [2.0] [1.0] [3.0] [] [2.0] [3.0] [2.0] [2.0] [2.0] [2.0] [] [] [F:52.0] [F:1560.0] [1560.0] [8.446008262E9] 
Row 32: [Achive] [NA] [] [] [] [] [] [] [] [] [] [] [] [] [] [] [] [] [] [] [] [] [] [] [] [] [] [] [] [] [] [] [] [] [] [] [9.52700588E9] 
Row 33: [Ratna] [30.0] [3.0] [] [4.0] [3.0] [4.0] [5.0] [3.0] [4.0] [] [3.0] [4.0] [5.0] [3.0] [4.0] [3.0] [] [2.0] [3.0] [4.0] [5.0] [3.0] [4.0] [] [3.0] [2.0] [5.0] [3.0] [4.0] [3.0] [] [] [F:89.0] [F:2670.0] [2670.0] [9.850076001E9] 
Row 34: [Samarth] [35.0] [1.0] [] [2.0] [] [2.0] [] [2.0] [] [] [2.0] [] [2.0] [] [2.0] [1.0] [] [2.0] [2.0] [1.0] [2.0] [1.0] [1.0] [] [2.0] [] [2.0] [] [2.0] [] [] [] [F:29.0] [F:1015.0] [1015.0] [7.798987333E9] 
Row 35: [ABM] [NA] [] [] [] [] [] [] [] [] [] [] [] [] [] [] [] [] [] [] [] [] [] [] [] [] [] [] [] [] [] [] [] [] [] [] [9.960853829E9] 
Row 36: [Vidya] [35.0] [2.0] [] [2.0] [1.0] [2.0] [2.0] [2.0] [1.0] [] [2.0] [2.0] [2.0] [3.0] [2.0] [2.0] [] [2.0] [2.0] [2.0] [3.0] [2.0] [2.0] [] [3.0] [2.0] [2.0] [1.0] [2.0] [2.0] [] [] [F:50.0] [F:1750.0] [1750.0] [8.208493744E9] 
Row 37: [BM] [35.0] [2.0] [] [2.0] [3.0] [2.0] [2.0] [3.0] [2.0] [] [2.0] [2.0] [3.0] [2.0] [2.0] [3.0] [] [2.0] [3.0] [2.0] [2.0] [3.0] [2.0] [] [3.0] [2.0] [3.0] [2.0] [3.0] [2.0] [] [] [F:59.0] [F:2065.0] [2065.0] [8.446773399E9] 
Row 38: [Fabmax] [35.0] [3.0] [] [4.0] [5.0] [3.0] [4.0] [3.0] [2.0] [] [3.0] [4.0] [5.0] [3.0] [4.0] [3.0] [] [2.0] [3.0] [4.0] [3.0] [2.0] [3.0] [] [4.0] [3.0] [2.0] [3.0] [4.0] [3.0] [] [] [F:82.0] [F:2870.0] [2870.0] [8.956349783E9] 
Row 39: [Sensoheat] [30.0] [2.0] [] [2.0] [2.0] [2.0] [1.0] [2.0] [2.0] [] [1.0] [2.0] [2.0] [1.0] [2.0] [2.0] [] [2.0] [2.0] [1.0] [2.0] [2.0] [1.0] [] [2.0] [2.0] [2.0] [1.0] [2.0] [1.0] [] [] [F:43.0] [F:1290.0] [1290.0] [9.139851361E9] 
Row 40: [Brill tech] [30.0] [1.0] [] [1.0] [1.0] [] [1.0] [1.0] [] [] [1.0] [1.0] [1.0] [] [1.0] [1.0] [] [1.0] [1.0] [] [1.0] [1.0] [] [] [1.0] [1.0] [] [1.0] [1.0] [] [] [] [F:18.0] [F:540.0] [F:2310.0] [9.665455612E9] 
Row 41: [] [30.0] [2.0] [] [3.0] [2.0] [2.0] [3.0] [2.0] [2.0] [] [3.0] [2.0] [2.0] [3.0] [2.0] [3.0] [] [2.0] [3.0] [2.0] [3.0] [2.0] [2.0] [] [2.0] [2.0] [3.0] [2.0] [2.0] [3.0] [] [] [F:59.0] [F:1770.0] [] [] 
Row 42: [Admind ing] [30.0] [1.0] [] [1.0] [1.0] [1.0] [1.0] [1.0] [1.0] [1.0] [1.0] [1.0] [1.0] [1.0] [1.0] [1.0] [] [1.0] [2.0] [1.0] [2.0] [1.0] [] [2.0] [1.0] [] [1.0] [2.0] [1.0] [] [] [] [F:28.0] [F:840.0] [840.0] [8.888629839E9] 
Row 43: [Suprime eng] [30.0] [2.0] [] [2.0] [2.0] [2.0] [2.0] [1.0] [2.0] [] [2.0] [1.0] [2.0] [2.0] [1.0] [2.0] [] [2.0] [2.0] [1.0] [2.0] [2.0] [1.0] [2.0] [1.0] [] [2.0] [1.0] [2.0] [1.0] [] [] [F:42.0] [F:1260.0] [1260.0] [9.309291088E9] 
Row 44: [VML] [30.0] [2.0] [] [3.0] [2.0] [3.0] [3.0] [2.0] [3.0] [] [3.0] [2.0] [3.0] [2.0] [3.0] [2.0] [] [3.0] [2.0] [3.0] [2.0] [2.0] [3.0] [] [2.0] [3.0] [2.0] [3.0] [2.0] [3.0] [] [] [F:63.0] [F:1890.0] [1890.0] [8.39000626E9] 
Row 45: [SSP] [30.0] [1.0] [] [1.0] [] [1.0] [] [] [1.0] [] [1.0] [] [2.0] [] [] [1.0] [] [2.0] [] [1.0] [] [2.0] [] [] [2.0] [] [1.0] [] [2.0] [] [] [] [F:18.0] [F:540.0] [540.0] [9.921174574E9] 
Row 46: [Sai pet kalbhor] [40.0] [1.0] [2.0] [2.0] [2.0] [1.0] [1.0] [2.0] [2.0] [1.0] [2.0] [2.0] [2.0] [2.0] [2.0] [2.0] [2.0] [2.0] [1.0] [2.0] [2.0] [1.0] [2.0] [2.0] [1.0] [2.0] [2.0] [1.0] [2.0] [2.0] [] [] [F:50.0] [F:2000.0] [F:5115.0] [9.595952709E9] 
Row 47: [] [35.0] [3.0] [4.0] [3.0] [4.0] [3.0] [3.0] [4.0] [2.0] [3.0] [4.0] [3.0] [2.0] [3.0] [4.0] [3.0] [2.0] [3.0] [4.0] [3.0] [2.0] [3.0] [4.0] [3.0] [2.0] [3.0] [4.0] [3.0] [2.0] [3.0] [] [] [F:89.0] [F:3115.0] [] [] 
Row 48: [Intech] [40.0] [2.0] [] [2.0] [2.0] [3.0] [2.0] [2.0] [2.0] [] [3.0] [2.0] [2.0] [2.0] [3.0] [2.0] [] [2.0] [2.0] [3.0] [2.0] [2.0] [2.0] [] [2.0] [2.0] [3.0] [2.0] [2.0] [2.0] [] [] [F:55.0] [F:2200.0] [2200.0] [8.421516174E9] 
Row 49: [Pal disend work] [30.0] [2.0] [] [3.0] [2.0] [2.0] [2.0] [3.0] [2.0] [] [3.0] [2.0] [2.0] [3.0] [2.0] [2.0] [] [2.0] [2.0] [2.0] [3.0] [2.0] [2.0] [] [3.0] [2.0] [2.0] [3.0] [2.0] [2.0] [] [] [F:57.0] [F:1710.0] [1710.0] [8.518557157E9] 
Row 50: [KGN] [30.0] [1.0] [1.0] [1.0] [1.0] [1.0] [1.0] [1.0] [] [1.0] [1.0] [1.0] [1.0] [] [1.0] [1.0] [1.0] [1.0] [1.0] [1.0] [1.0] [1.0] [1.0] [] [1.0] [1.0] [1.0] [] [1.0] [] [] [] [F:24.0] [F:720.0] [F:1470.0] [8.830188518E9] 
Row 51: [] [30.0] [1.0] [1.0] [1.0] [1.0] [1.0] [1.0] [1.0] [] [1.0] [1.0] [1.0] [1.0] [] [1.0] [1.0] [1.0] [1.0] [1.0] [1.0] [1.0] [1.0] [1.0] [] [1.0] [1.0] [] [1.0] [1.0] [1.0] [] [] [F:25.0] [F:750.0] [] [] 
Row 52: [Galaxy] [35.0] [2.0] [2.0] [3.0] [2.0] [2.0] [3.0] [2.0] [2.0] [3.0] [2.0] [2.0] [3.0] [2.0] [3.0] [2.0] [2.0] [2.0] [3.0] [2.0] [2.0] [3.0] [2.0] [2.0] [3.0] [2.0] [2.0] [3.0] [2.0] [3.0] [] [] [F:68.0] [F:2380.0] [2380.0] [9.766106786E9] 
Row 53: [ARJ] [40.0] [3.0] [3.0] [2.0] [3.0] [2.0] [2.0] [3.0] [2.0] [2.0] [3.0] [2.0] [2.0] [3.0] [2.0] [3.0] [2.0] [3.0] [2.0] [3.0] [3.0] [2.0] [3.0] [2.0] [3.0] [2.0] [3.0] [2.0] [2.0] [3.0] [] [] [F:72.0] [F:2880.0] [2880.0] [9112299677/8625915915] 
Row 54: [Sanjay] [40.0] [1.0] [] [] [] [] [1.0] [] [] [] [] [1.0] [] [] [] [] [] [1.0] [] [] [] [] [] [1.0] [] [] [] [] [1.0] [] [] [] [F:6.0] [F:240.0] [240.0] [9.971626792E9] 
Row 55: [Service citiket] [40.0] [1.0] [2.0] [1.0] [2.0] [1.0] [2.0] [1.0] [3.0] [1.0] [2.0] [1.0] [3.0] [2.0] [1.0] [2.0] [3.0] [1.0] [2.0] [1.0] [2.0] [1.0] [1.0] [2.0] [3.0] [1.0] [2.0] [1.0] [3.0] [2.0] [] [] [F:50.0] [F:2000.0] [2000.0] [9.970359021E9] 
Row 56: [Prizam] [40.0] [2.0] [3.0] [4.0] [3.0] [2.0] [3.0] [4.0] [3.0] [2.0] [3.0] [4.0] [3.0] [2.0] [3.0] [4.0] [3.0] [2.0] [3.0] [4.0] [3.0] [2.0] [3.0] [4.0] [3.0] [2.0] [3.0] [4.0] [3.0] [2.0] [] [] [F:86.0] [F:3440.0] [3440.0] [9.960838773E9] 
Row 57: [Ambica Press metal] [30.0] [1.0] [] [1.0] [1.0] [1.0] [1.0] [1.0] [1.0] [] [1.0] [1.0] [1.0] [1.0] [1.0] [] [] [1.0] [1.0] [1.0] [1.0] [] [1.0] [] [1.0] [1.0] [] [1.0] [1.0] [1.0] [] [] [F:22.0] [F:660.0] [F:2160.0] [9.970178344E9] 
Row 58: [] [30.0] [1.0] [] [2.0] [2.0] [2.0] [2.0] [2.0] [1.0] [] [2.0] [2.0] [3.0] [2.0] [2.0] [2.0] [] [2.0] [2.0] [1.0] [2.0] [3.0] [2.0] [] [2.0] [2.0] [1.0] [3.0] [2.0] [3.0] [] [] [F:50.0] [F:1500.0] [] [] 
Row 59: [Bhagwat] [30.0] [2.0] [] [3.0] [1.0] [2.0] [3.0] [2.0] [2.0] [] [2.0] [2.0] [3.0] [1.0] [2.0] [3.0] [] [2.0] [3.0] [2.0] [3.0] [2.0] [3.0] [] [2.0] [3.0] [2.0] [3.0] [2.0] [2.0] [] [] [F:57.0] [F:1710.0] [1710.0] [9.76590478E9] 
Row 60: [Corefab] [30.0] [1.0] [] [1.0] [1.0] [1.0] [1.0] [1.0] [2.0] [] [1.0] [1.0] [2.0] [1.0] [1.0] [2.0] [] [1.0] [1.0] [2.0] [1.0] [1.0] [1.0] [] [1.0] [2.0] [1.0] [1.0] [2.0] [1.0] [] [] [F:31.0] [F:930.0] [F:1950.0] [7.387796716E9] 
Row 61: [] [30.0] [2.0] [] [1.0] [1.0] [2.0] [1.0] [1.0] [2.0] [] [1.0] [1.0] [2.0] [1.0] [1.0] [2.0] [] [1.0] [2.0] [1.0] [1.0] [2.0] [1.0] [] [2.0] [1.0] [2.0] [1.0] [1.0] [1.0] [] [] [F:34.0] [F:1020.0] [] [] 
Row 62: [Sohan gujjar] [30.0] [1.0] [] [] [1.0] [] [1.0] [] [1.0] [] [] [1.0] [] [1.0] [] [1.0] [] [] [1.0] [] [] [1.0] [] [] [] [1.0] [] [] [1.0] [] [] [] [F:11.0] [F:330.0] [F:4410.0] [7.020260494E9] 
Row 63: [] [30.0] [3.0] [] [7.0] [6.0] [5.0] [3.0] [4.0] [6.0] [] [7.0] [6.0] [5.0] [8.0] [9.0] [2.0] [] [6.0] [7.0] [6.0] [9.0] [7.0] [6.0] [] [2.0] [3.0] [4.0] [3.0] [9.0] [3.0] [] [] [F:136.0] [F:4080.0] [] [] 
Row 64: [Yadav Engineering] [30.0] [3.0] [] [4.0] [5.0] [6.0] [3.0] [4.0] [5.0] [] [3.0] [4.0] [3.0] [4.0] [6.0] [3.0] [] [4.0] [5.0] [3.0] [4.0] [3.0] [2.0] [] [3.0] [4.0] [5.0] [3.0] [4.0] [3.0] [] [] [F:96.0] [F:2880.0] [2880.0] [7.350392282E9] 
Row 65: [Jay enterprises] [35.0] [5.0] [] [6.0] [4.0] [6.0] [7.0] [6.0] [5.0] [] [3.0] [4.0] [4.0] [3.0] [5.0] [3.0] [] [4.0] [5.0] [3.0] [4.0] [3.0] [2.0] [] [3.0] [4.0] [5.0] [3.0] [4.0] [4.0] [] [] [F:105.0] [F:3675.0] [3675.0] [9.545888825E9] 
Row 66: [PR kamble] [30.0] [2.0] [] [3.0] [3.0] [2.0] [3.0] [2.0] [3.0] [] [1.0] [3.0] [2.0] [2.0] [3.0] [2.0] [] [3.0] [2.0] [1.0] [3.0] [2.0] [1.0] [] [3.0] [2.0] [1.0] [3.0] [2.0] [1.0] [] [] [F:55.0] [F:1650.0] [1650.0] [9.970368699E9] 
Row 67: [Jadhav shop] [30.0] [1.0] [] [] [1.0] [] [] [1.0] [] [] [1.0] [] [1.0] [1.0] [] [1.0] [] [1.0] [] [1.0] [] [] [1.0] [] [1.0] [] [1.0] [] [1.0] [1.0] [] [] [F:14.0] [F:420.0] [420.0] [9.011035254E9] 
Row 68: [Saraswati] [30.0] [3.0] [] [4.0] [3.0] [2.0] [3.0] [2.0] [3.0] [] [2.0] [3.0] [2.0] [3.0] [4.0] [3.0] [] [2.0] [3.0] [4.0] [3.0] [2.0] [3.0] [] [3.0] [2.0] [3.0] [4.0] [3.0] [2.0] [] [] [F:71.0] [F:2130.0] [2130.0] [9.970056755E9] 
Row 69: [Shree gajanan Eng ] [40.0] [2.0] [] [2.0] [1.0] [2.0] [1.0] [2.0] [1.0] [] [2.0] [1.0] [2.0] [1.0] [2.0] [1.0] [] [2.0] [1.0] [2.0] [2.0] [1.0] [2.0] [] [2.0] [1.0] [2.0] [2.0] [1.0] [2.0] [] [] [F:40.0] [F:1600.0] [1600.0] 
Row 70: [Sanket] [30.0] [1.0] [] [1.0] [1.0] [2.0] [1.0] [1.0] [2.0] [] [1.0] [1.0] [2.0] [1.0] [1.0] [1.0] [] [2.0] [1.0] [2.0] [1.0] [2.0] [1.0] [] [2.0] [2.0] [1.0] [2.0] [1.0] [2.0] [] [] [F:35.0] [F:1050.0] [1050.0] [7.798882631E9] 
Row 71: [Equilater eng] [40.0] [2.0] [] [3.0] [2.0] [3.0] [2.0] [] [3.0] [] [2.0] [2.0] [1.0] [3.0] [] [2.0] [] [3.0] [2.0] [3.0] [2.0] [] [3.0] [] [2.0] [3.0] [3.0] [2.0] [2.0] [2.0] [] [] [F:52.0] [F:2080.0] [F:5830.0] [7.507900025E9] 
Row 72: [] [30.0] [] [] [] [] [] [] [25.0] [] [] [] [] [] [] [50.0] [] [] [] [] [] [] [50.0] [] [] [] [] [] [] [] [] [] [] [F:125.0] [F:3750.0] [] [] 
Row 73: [Shivam] [30.0] [1.0] [] [1.0] [1.0] [] [1.0] [1.0] [1.0] [] [1.0] [1.0] [1.0] [] [1.0] [1.0] [] [1.0] [1.0] [] [1.0] [1.0] [] [] [1.0] [1.0] [] [1.0] [1.0] [] [1.0] [] [F:20.0] [F:600.0] [600.0] [8.830878709E9] 
Row 74: [LLP] [40.0] [3.0] [] [2.0] [3.0] [2.0] [3.0] [4.0] [3.0] [] [2.0] [3.0] [2.0] [3.0] [2.0] [2.0] [] [3.0] [2.0] [1.0] [3.0] [2.0] [1.0] [] [2.0] [3.0] [2.0] [1.0] [3.0] [2.0] [] [] [F:59.0] [F:2360.0] [2360.0] [9.960680005E9] 
Row 75: [Jayhind] [40.0] [3.0] [] [3.0] [3.0] [3.0] [3.0] [3.0] [3.0] [] [2.0] [3.0] [3.0] [3.0] [3.0] [3.0] [] [2.0] [3.0] [2.0] [3.0] [2.0] [3.0] [] [2.0] [3.0] [2.0] [3.0] [2.0] [3.0] [] [] [F:68.0] [F:2720.0] [2720.0] [7.709162284E9] 
Row 76: [Run laser] [30.0] [2.0] [] [1.0] [2.0] [1.0] [3.0] [2.0] [1.0] [] [2.0] [1.0] [3.0] [2.0] [1.0] [] [] [2.0] [1.0] [3.0] [2.0] [1.0] [2.0] [] [2.0] [2.0] [1.0] [2.0] [1.0] [2.0] [] [] [F:42.0] [F:1260.0] [1260.0] [9.763718643E9] 
Row 77: [Ayudh eng] [30.0] [4.0] [] [5.0] [5.0] [4.0] [5.0] [5.0] [4.0] [] [5.0] [5.0] [4.0] [5.0] [5.0] [5.0] [] [6.0] [5.0] [4.0] [5.0] [4.0] [5.0] [] [4.0] [5.0] [4.0] [5.0] [3.0] [5.0] [] [] [F:116.0] [F:3480.0] [3480.0] [9.96015448E9] 
Row 78: [AR Packaging] [40.0] [3.0] [] [2.0] [3.0] [4.0] [3.0] [2.0] [3.0] [] [2.0] [3.0] [4.0] [3.0] [2.0] [3.0] [] [2.0] [3.0] [2.0] [2.0] [3.0] [2.0] [] [3.0] [2.0] [3.0] [2.0] [3.0] [2.0] [] [] [F:66.0] [F:2640.0] [2640.0] [7.757917765E9] 
Row 79: [Window] [40.0] [3.0] [] [4.0] [3.0] [2.0] [3.0] [2.0] [3.0] [] [2.0] [1.0] [2.0] [3.0] [2.0] [2.0] [] [2.0] [2.0] [3.0] [2.0] [3.0] [4.0] [] [3.0] [2.0] [3.0] [4.0] [3.0] [2.0] [] [] [F:65.0] [F:2600.0] [2600.0] [9.922058133E9] 
Row 80: [Pankaj] [35.0] [1.0] [] [1.0] [] [] [1.0] [] [] [] [1.0] [] [] [2.0] [1.0] [] [] [] [1.0] [] [] [1.0] [] [] [] [] [1.0] [] [] [1.0] [] [] [F:11.0] [F:385.0] [385.0] [7.083322078E9] 
Row 81: [Vayal] [30.0] [4.0] [5.0] [3.0] [4.0] [] [5.0] [4.0] [3.0] [4.0] [5.0] [3.0] [] [4.0] [3.0] [5.0] [] [4.0] [5.0] [3.0] [4.0] [] [3.0] [4.0] [5.0] [3.0] [4.0] [] [4.0] [5.0] [] [] [F:96.0] [F:2880.0] [2880.0] [8.956210936E9] 
Row 82: [RS fabrication] [30.0] [2.0] [] [1.0] [] [] [1.0] [] [2.0] [] [1.0] [] [] [] [1.0] [2.0] [] [] [2.0] [] [1.0] [] [2.0] [] [1.0] [] [2.0] [] [1.0] [] [1.0] [] [F:20.0] [F:600.0] [600.0] [8.383046284E9] 
Row 83: [Abmbica Fabrication] [40.0] [4.0] [] [5.0] [3.0] [2.0] [3.0] [2.0] [3.0] [] [4.0] [3.0] [2.0] [3.0] [2.0] [3.0] [] [2.0] [1.0] [2.0] [1.0] [2.0] [1.0] [] [2.0] [2.0] [1.0] [2.0] [1.0] [2.0] [] [] [F:58.0] [F:2320.0] [2320.0] [8.767470785E9] 
Row 84: [Vaishnavi tooling] [30.0] [2.0] [] [3.0] [2.0] [3.0] [2.0] [2.0] [3.0] [] [2.0] [2.0] [3.0] [2.0] [3.0] [2.0] [] [2.0] [3.0] [2.0] [3.0] [2.0] [3.0] [] [2.0] [3.0] [2.0] [3.0] [2.0] [3.0] [] [] [F:61.0] [F:1830.0] [1830.0] [9.923197375E9] 
Row 85: [Chrome weld ind] [40.0] [1.0] [] [] [1.0] [] [1.0] [] [1.0] [] [] [1.0] [] [] [1.0] [] [] [1.0] [] [1.0] [] [] [1.0] [] [] [1.0] [] [1.0] [] [] [] [] [F:11.0] [F:440.0] [F:710.0] [] 
Row 86: [] [30.0] [1.0] [] [] [1.0] [] [] [1.0] [] [] [] [1.0] [] [] [] [1.0] [] [] [1.0] [] [] [1.0] [] [] [1.0] [] [] [1.0] [] [] [] [] [F:9.0] [F:270.0] [] [] 
Row 87: [Ayush eng] [40.0] [1.0] [] [1.0] [] [] [1.0] [] [1.0] [] [] [1.0] [1.0] [] [1.0] [] [] [1.0] [] [1.0] [] [] [1.0] [] [] [1.0] [] [] [1.0] [] [] [] [F:12.0] [F:480.0] [F:830.0] [7.507778562E9] 
Row 88: [] [35.0] [1.0] [] [1.0] [] [] [1.0] [] [1.0] [] [1.0] [] [] [1.0] [] [1.0] [] [] [1.0] [] [] [1.0] [] [] [] [] [1.0] [] [] [] [] [] [F:10.0] [F:350.0] [] [] 
Row 89: [Arvind Vishvakarma] [30.0] [1.0] [] [1.0] [1.0] [1.0] [1.0] [2.0] [1.0] [] [1.0] [1.0] [1.0] [1.0] [1.0] [1.0] [] [1.0] [1.0] [1.0] [1.0] [1.0] [] [] [1.0] [1.0] [1.0] [2.0] [1.0] [1.0] [] [] [F:26.0] [F:780.0] [780.0] [7.50715599E9] 
Row 90: [SM micromatics] [30.0] [1.0] [] [2.0] [1.0] [1.0] [2.0] [1.0] [2.0] [] [1.0] [1.0] [2.0] [1.0] [2.0] [2.0] [] [1.0] [3.0] [1.0] [2.0] [1.0] [2.0] [] [1.0] [3.0] [2.0] [1.0] [3.0] [2.0] [] [] [F:41.0] [F:1230.0] [1230.0] [8.805018348E9] 
Row 91: [SB auto] [40.0] [13.0] [14.0] [15.0] [16.0] [14.0] [16.0] [13.0] [14.0] [13.0] [10.0] [13.0] [12.0] [13.0] [14.0] [13.0] [15.0] [13.0] [12.0] [13.0] [10.0] [13.0] [12.0] [13.0] [14.0] [13.0] [10.0] [9.0] [13.0] [8.0] [5.0] [] [F:376.0] [F:15040.0] [15040.0] [7.276153663E9] 
Row 92: [Auto tech tooling] [40.0] [1.0] [] [] [1.0] [] [] [] [1.0] [] [] [1.0] [] [] [1.0] [] [1.0] [] [] [1.0] [] [] [1.0] [] [] [] [1.0] [] [] [] [] [] [F:9.0] [F:360.0] [F:1890.0] [8.89094264E9] 
Row 93: [] [30.0] [2.0] [2.0] [2.0] [1.0] [2.0] [2.0] [2.0] [2.0] [2.0] [2.0] [2.0] [2.0] [1.0] [2.0] [] [1.0] [2.0] [2.0] [2.0] [1.0] [2.0] [2.0] [2.0] [1.0] [2.0] [2.0] [1.0] [2.0] [2.0] [1.0] [] [F:51.0] [F:1530.0] [] [] 
Row 94: [Durga] [30.0] [7.0] [9.0] [8.0] [9.0] [8.0] [7.0] [10.0] [13.0] [9.0] [35.0] [9.0] [8.0] [7.0] [6.0] [5.0] [3.0] [4.0] [3.0] [4.0] [3.0] [9.0] [8.0] [7.0] [6.0] [9.0] [13.0] [14.0] [9.0] [13.0] [] [] [F:255.0] [F:7650.0] [7650.0] [9.766482767E9] 
Row 95: [TNBI] [40.0] [2.0] [2.0] [2.0] [2.0] [2.0] [2.0] [2.0] [2.0] [1.0] [2.0] [2.0] [2.0] [1.0] [2.0] [1.0] [2.0] [2.0] [2.0] [2.0] [2.0] [1.0] [2.0] [2.0] [2.0] [1.0] [2.0] [2.0] [1.0] [2.0] [2.0] [] [F:54.0] [F:2160.0] [F:3070.0] [9.762424633E9] 
Row 96: [] [35.0] [1.0] [1.0] [1.0] [1.0] [1.0] [1.0] [] [1.0] [1.0] [1.0] [1.0] [1.0] [1.0] [] [1.0] [1.0] [1.0] [1.0] [1.0] [1.0] [] [1.0] [1.0] [1.0] [1.0] [] [1.0] [1.0] [1.0] [1.0] [] [F:26.0] [F:910.0] [] [] 
Row 97: [Pristin eng] [40.0] [1.0] [1.0] [1.0] [] [1.0] [1.0] [] [1.0] [1.0] [] [1.0] [1.0] [] [1.0] [] [1.0] [1.0] [1.0] [] [1.0] [1.0] [] [1.0] [1.0] [] [1.0] [1.0] [] [1.0] [] [] [F:20.0] [F:800.0] [F:2450.0] [9.272100191E9] 
Row 98: [] [30.0] [3.0] [] [2.0] [2.0] [2.0] [3.0] [2.0] [2.0] [] [3.0] [2.0] [2.0] [3.0] [2.0] [2.0] [] [3.0] [2.0] [2.0] [3.0] [2.0] [1.0] [] [2.0] [2.0] [1.0] [3.0] [2.0] [2.0] [] [] [F:55.0] [F:1650.0] [] [] 
Row 99: [Easterfab] [40.0] [4.0] [] [5.0] [4.0] [4.0] [5.0] [4.0] [4.0] [] [4.0] [5.0] [4.0] [4.0] [5.0] [4.0] [] [5.0] [4.0] [4.0] [4.0] [3.0] [4.0] [] [3.0] [4.0] [5.0] [3.0] [4.0] [3.0] [] [] [F:102.0] [F:4080.0] [F:7755.0] [7.2773399E9] 
Row 100: [] [35.0] [5.0] [] [6.0] [5.0] [4.0] [4.0] [5.0] [4.0] [] [4.0] [5.0] [4.0] [4.0] [3.0] [4.0] [] [3.0] [4.0] [5.0] [3.0] [4.0] [5.0] [] [3.0] [4.0] [5.0] [3.0] [4.0] [5.0] [] [] [F:105.0] [F:3675.0] [] [] 
Row 101: [Inolex polymer] [40.0] [3.0] [] [4.0] [3.0] [4.0] [3.0] [2.0] [3.0] [] [4.0] [3.0] [2.0] [1.0] [3.0] [4.0] [] [3.0] [4.0] [3.0] [2.0] [3.0] [4.0] [] [3.0] [4.0] [3.0] [2.0] [3.0] [2.0] [] [] [F:75.0] [F:3000.0] [F:3390.0] [] 
Row 102: [] [30.0] [1.0] [] [] [1.0] [1.0] [] [1.0] [] [] [1.0] [] [] [1.0] [] [1.0] [] [1.0] [] [] [1.0] [] [1.0] [] [] [1.0] [1.0] [] [1.0] [] [] [] [F:13.0] [F:390.0] [] [] 
Row 103: [Praviraj eng] [30.0] [3.0] [] [4.0] [5.0] [4.0] [5.0] [4.0] [5.0] [] [4.0] [5.0] [3.0] [4.0] [3.0] [2.0] [] [3.0] [4.0] [3.0] [2.0] [3.0] [4.0] [] [3.0] [2.0] [3.0] [4.0] [3.0] [2.0] [] [] [F:87.0] [F:2610.0] [2610.0] [8.149900066E9] 
Row 104: [Laxmi eng] [40.0] [2.0] [] [2.0] [1.0] [2.0] [1.0] [2.0] [1.0] [] [2.0] [2.0] [1.0] [2.0] [1.0] [2.0] [1.0] [2.0] [2.0] [1.0] [2.0] [1.0] [2.0] [1.0] [2.0] [1.0] [2.0] [1.0] [2.0] [1.0] [] [] [F:42.0] [F:1680.0] [1680.0] 
Row 105: [Aasha electronics] [30.0] [4.0] [] [] [4.0] [] [] [4.0] [] [] [4.0] [] [] [4.0] [] [] [4.0] [] [] [4.0] [] [] [4.0] [] [] [4.0] [] [] [4.0] [] [] [] [F:40.0] [F:1200.0] [1200.0] [8.055553454E9] 
Row 106: [Sahyadri (Rushabh)] [40.0] [2.0] [] [1.0] [2.0] [1.0] [2.0] [1.0] [2.0] [] [1.0] [2.0] [1.0] [2.0] [1.0] [1.0] [] [2.0] [1.0] [2.0] [1.0] [1.0] [2.0] [] [1.0] [2.0] [1.0] [2.0] [1.0] [2.0] [] [] [F:37.0] [F:1480.0] [F:1935.0] [7.774028886E9] 
Row 107: [] [35.0] [1.0] [] [1.0] [] [1.0] [] [1.0] [] [] [1.0] [] [1.0] [] [1.0] [] [] [1.0] [] [1.0] [] [1.0] [] [] [1.0] [] [1.0] [] [1.0] [] [] [] [F:13.0] [F:455.0] [] [] 
Row 108: [V tech eng] [40.0] [1.0] [] [2.0] [1.0] [2.0] [1.0] [2.0] [] [1.0] [2.0] [1.0] [2.0] [1.0] [2.0] [1.0] [] [1.0] [2.0] [1.0] [2.0] [1.0] [2.0] [] [1.0] [2.0] [1.0] [2.0] [1.0] [2.0] [] [] [F:37.0] [F:1480.0] [1480.0] [9.284909255E9] 
Row 109: [Apex] [40.0] [2.0] [] [] [2.0] [] [] [2.0] [] [] [2.0] [] [] [2.0] [] [] [2.0] [] [] [2.0] [] [] [2.0] [] [2.0] [] [] [2.0] [] [] [] [] [F:20.0] [F:800.0] [F:1150.0] [7.559429721E9] 
Row 110: [] [35.0] [1.0] [] [] [1.0] [] [] [1.0] [] [] [1.0] [] [] [1.0] [] [] [1.0] [] [] [1.0] [] [] [1.0] [] [1.0] [] [] [1.0] [] [] [] [] [F:10.0] [F:350.0] [] [] 
Row 111: [Rotomation] [40.0] [1.0] [] [1.0] [] [1.0] [] [1.0] [] [1.0] [1.0] [1.0] [] [1.0] [1.0] [1.0] [] [1.0] [] [1.0] [] [1.0] [] [1.0] [] [1.0] [] [1.0] [] [1.0] [] [] [F:17.0] [F:680.0] [680.0] [9.527446033E9] 
Row 112: [Sahyadri (Jotibanagar)] [35.0] [1.0] [] [] [1.0] [] [] [1.0] [] [1.0] [] [] [1.0] [] [] [1.0] [] [1.0] [] [] [1.0] [] [] [1.0] [] [] [1.0] [] [1.0] [] [] [] [F:11.0] [F:385.0] [385.0] [9.922990625E9] 
Row 113: [Multi skill] [40.0] [2.0] [] [2.0] [2.0] [2.0] [2.0] [1.0] [2.0] [2.0] [1.0] [2.0] [2.0] [1.0] [2.0] [1.0] [2.0] [2.0] [1.0] [2.0] [2.0] [1.0] [2.0] [2.0] [] [1.0] [2.0] [2.0] [] [2.0] [] [] [F:45.0] [F:1800.0] [1800.0] [9.850524009E9] 
Row 114: [BVG] [40.0] [1.0] [1.0] [] [1.0] [1.0] [1.0] [1.0] [] [] [] [] [] [] [] [] [1.0] [1.0] [1.0] [1.0] [] [1.0] [1.0] [] [] [] [1.0] [1.0] [1.0] [] [1.0] [] [F:16.0] [F:640.0] [640.0] [9.850035112E9] 
Row 115: [Growell] [30.0] [3.0] [] [4.0] [3.0] [2.0] [3.0] [2.0] [3.0] [] [2.0] [3.0] [2.0] [3.0] [2.0] [3.0] [] [2.0] [2.0] [3.0] [2.0] [3.0] [2.0] [] [3.0] [2.0] [3.0] [2.0] [3.0] [2.0] [] [] [F:64.0] [F:1920.0] [1920.0] [9.665342704E9] 
Row 116: [Innvenio] [30.0] [4.0] [] [3.0] [4.0] [5.0] [4.0] [5.0] [3.0] [] [4.0] [5.0] [3.0] [4.0] [5.0] [3.0] [] [3.0] [4.0] [5.0] [3.0] [6.0] [3.0] [] [4.0] [5.0] [3.0] [4.0] [5.0] [3.0] [] [] [F:100.0] [F:3000.0] [3000.0] [9.890959909E9] 
Row 117: [Rucha eng] [30.0] [24.0] [] [2.0] [1.0] [2.0] [2.0] [2.0] [1.0] [] [2.0] [2.0] [1.0] [2.0] [2.0] [4.0] [] [1.0] [2.0] [2.0] [2.0] [1.0] [2.0] [] [1.0] [2.0] [1.0] [2.0] [1.0] [2.0] [] [] [F:66.0] [F:1980.0] [1980.0] [9.021456397E9] 
Row 118: [Himalaya] [30.0] [1.0] [] [1.0] [1.0] [] [1.0] [1.0] [] [] [1.0] [1.0] [] [1.0] [1.0] [] [] [1.0] [1.0] [] [1.0] [] [1.0] [] [1.0] [] [1.0] [1.0] [] [1.0] [] [] [F:17.0] [F:510.0] [F:1650.0] [9.604237325E9] 
Row 119: [] [30.0] [2.0] [] [2.0] [2.0] [] [1.0] [2.0] [1.0] [] [2.0] [2.0] [1.0] [2.0] [1.0] [2.0] [] [2.0] [2.0] [] [2.0] [1.0] [2.0] [] [2.0] [1.0] [2.0] [1.0] [2.0] [1.0] [] [] [F:38.0] [F:1140.0] [] [] 
Row 120: [VL] [30.0] [1.0] [] [1.0] [2.0] [1.0] [1.0] [2.0] [1.0] [] [1.0] [1.0] [2.0] [1.0] [1.0] [2.0] [] [1.0] [1.0] [2.0] [1.0] [1.0] [2.0] [] [1.0] [2.0] [1.0] [2.0] [1.0] [2.0] [] [] [F:34.0] [F:1020.0] [1020.0] [7709030356/7757932001] 
Row 121: [Motorolls] [40.0] [2.0] [] [1.0] [2.0] [3.0] [1.0] [2.0] [1.0] [2.0] [] [] [] [] [] [] [] [] [2.0] [1.0] [3.0] [2.0] [1.0] [] [2.0] [1.0] [2.0] [1.0] [3.0] [2.0] [] [] [F:34.0] [F:1360.0] [1360.0] [7.972612861E9] 
Row 122: [Sujal] [40.0] [1.0] [] [2.0] [1.0] [2.0] [1.0] [1.0] [2.0] [] [1.0] [2.0] [1.0] [2.0] [1.0] [] [] [1.0] [2.0] [1.0] [2.0] [1.0] [2.0] [] [1.0] [2.0] [1.0] [1.0] [2.0] [1.0] [] [] [F:34.0] [F:1360.0] [F:2445.0] [9.82245999E9] 
Row 123: [] [35.0] [1.0] [] [2.0] [1.0] [2.0] [1.0] [1.0] [2.0] [] [1.0] [1.0] [] [2.0] [1.0] [1.0] [] [2.0] [1.0] [1.0] [2.0] [1.0] [] [] [1.0] [2.0] [1.0] [2.0] [1.0] [1.0] [] [] [F:31.0] [F:1085.0] [] [] 
Row 124: [Swara eng] [30.0] [1.0] [] [1.0] [2.0] [1.0] [1.0] [2.0] [1.0] [] [2.0] [1.0] [2.0] [1.0] [1.0] [2.0] [] [1.0] [2.0] [1.0] [2.0] [1.0] [2.0] [] [2.0] [2.0] [1.0] [2.0] [1.0] [2.0] [] [] [F:37.0] [F:1110.0] [1110.0] [9.028790534E9] 
Row 125: [Tanush Metalcraft] [30.0] [8.0] [] [9.0] [7.0] [6.0] [9.0] [8.0] [7.0] [] [9.0] [6.0] [9.0] [8.0] [7.0] [9.0] [] [8.0] [7.0] [9.0] [8.0] [9.0] [10.0] [] [9.0] [8.0] [12.0] [13.0] [10.0] [13.0] [] [] [F:218.0] [F:6540.0] [6540.0] [9.657776665E9] 
Row 126: [AR eng] [40.0] [3.0] [4.0] [3.0] [4.0] [3.0] [2.0] [3.0] [4.0] [3.0] [2.0] [3.0] [4.0] [3.0] [2.0] [3.0] [4.0] [3.0] [2.0] [3.0] [4.0] [3.0] [2.0] [3.0] [4.0] [3.0] [2.0] [3.0] [4.0] [3.0] [2.0] [] [F:91.0] [F:3640.0] [F:4200.0] [9561966859/8329642923] 
Row 127: [] [35.0] [1.0] [] [1.0] [] [1.0] [] [1.0] [1.0] [1.0] [1.0] [1.0] [] [1.0] [] [1.0] [] [] [1.0] [] [1.0] [] [] [1.0] [] [1.0] [] [1.0] [] [1.0] [] [] [F:16.0] [F:560.0] [] [] 
Row 128: [Kassh eng] [35.0] [2.0] [] [2.0] [2.0] [1.0] [2.0] [2.0] [2.0] [] [10.0] [2.0] [2.0] [2.0] [2.0] [] [] [2.0] [2.0] [2.0] [1.0] [2.0] [2.0] [] [2.0] [2.0] [1.0] [9.0] [2.0] [2.0] [] [] [F:60.0] [F:2100.0] [2100.0] [8007072262/9921202219] 
Row 129: [Vedant eng] [40.0] [2.0] [] [2.0] [2.0] [1.0] [3.0] [35.0] [2.0] [] [2.0] [2.0] [1.0] [3.0] [2.0] [1.0] [] [3.0] [40.0] [2.0] [1.0] [3.0] [2.0] [] [3.0] [2.0] [3.0] [2.0] [3.0] [2.0] [] [] [F:124.0] [F:4960.0] [4960.0] [7.219286156E9] 
Row 130: [Steel bird] [35.0] [3.0] [] [4.0] [5.0] [3.0] [4.0] [5.0] [6.0] [] [7.0] [3.0] [2.0] [3.0] [4.0] [3.0] [] [4.0] [5.0] [3.0] [4.0] [3.0] [5.0] [] [3.0] [4.0] [5.0] [3.0] [4.0] [5.0] [] [] [F:100.0] [F:3500.0] [3500.0] [9011035332/7756002474] 
Row 131: [R & G eng] [40.0] [3.0] [] [2.0] [3.0] [4.0] [2.0] [3.0] [2.0] [] [3.0] [4.0] [3.0] [2.0] [3.0] [4.0] [] [3.0] [2.0] [3.0] [4.0] [3.0] [2.0] [] [3.0] [2.0] [3.0] [2.0] [3.0] [2.0] [] [] [F:70.0] [F:2800.0] [2800.0] [8.149332662E9] 
Row 132: [Abhang eng] [40.0] [1.0] [] [1.0] [1.0] [1.0] [1.0] [1.0] [1.0] [] [] [1.0] [1.0] [1.0] [] [1.0] [] [1.0] [] [1.0] [1.0] [] [1.0] [] [] [1.0] [1.0] [] [1.0] [1.0] [] [] [F:19.0] [F:760.0] [F:1480.0] [7.796141599E9] 
Row 133: [] [30.0] [1.0] [] [1.0] [1.0] [1.0] [1.0] [1.0] [1.0] [] [1.0] [1.0] [1.0] [1.0] [1.0] [1.0] [] [1.0] [1.0] [1.0] [1.0] [1.0] [1.0] [] [1.0] [1.0] [1.0] [] [1.0] [1.0] [] [] [F:24.0] [F:720.0] [] [] 
Row 134: [Om sai eng] [40.0] [5.0] [] [4.0] [5.0] [4.0] [3.0] [4.0] [5.0] [] [6.0] [7.0] [6.0] [4.0] [5.0] [6.0] [] [5.0] [6.0] [7.0] [6.0] [5.0] [4.0] [] [6.0] [5.0] [4.0] [6.0] [7.0] [6.0] [] [] [F:131.0] [F:5240.0] [F:7700.0] [9.850410101E9] 
Row 135: [] [30.0] [3.0] [] [3.0] [3.0] [3.0] [3.0] [2.0] [3.0] [] [3.0] [3.0] [2.0] [4.0] [3.0] [4.0] [] [3.0] [2.0] [3.0] [4.0] [3.0] [4.0] [] [5.0] [3.0] [4.0] [5.0] [3.0] [4.0] [] [] [F:82.0] [F:2460.0] [] [] 
Row 136: [Grace eng] [30.0] [2.0] [] [2.0] [] [2.0] [] [2.0] [] [1.0] [] [2.0] [] [1.0] [] [2.0] [] [2.0] [] [1.0] [] [2.0] [] [2.0] [] [2.0] [] [1.0] [] [2.0] [] [] [F:26.0] [F:780.0] [780.0] [9.766294912E9] 
Row 137: [Elite (Shashikamal)] [40.0] [1.0] [] [] [1.0] [1.0] [1.0] [1.0] [] [] [1.0] [1.0] [1.0] [1.0] [1.0] [1.0] [] [1.0] [1.0] [1.0] [] [1.0] [1.0] [] [] [1.0] [1.0] [1.0] [] [1.0] [] [] [F:20.0] [F:800.0] [F:2340.0] [9.284162478E9] 
Row 138: [] [35.0] [2.0] [] [2.0] [2.0] [2.0] [] [2.0] [2.0] [] [2.0] [2.0] [2.0] [2.0] [2.0] [] [] [2.0] [] [2.0] [2.0] [2.0] [2.0] [] [2.0] [2.0] [2.0] [2.0] [2.0] [2.0] [] [] [F:44.0] [F:1540.0] [] [] 
Row 139: [Crystal eng] [40.0] [1.0] [] [2.0] [1.0] [2.0] [1.0] [2.0] [1.0] [] [2.0] [1.0] [2.0] [1.0] [2.0] [1.0] [] [2.0] [1.0] [2.0] [1.0] [2.0] [2.0] [] [1.0] [2.0] [1.0] [2.0] [2.0] [1.0] [] [] [F:38.0] [F:1520.0] [1520.0] [9.172216537E9] 
Row 140: [Shree ram] [30.0] [5.0] [] [1.0] [6.0] [1.0] [7.0] [1.0] [6.0] [] [1.0] [5.0] [] [6.0] [1.0] [6.0] [] [7.0] [1.0] [6.0] [1.0] [5.0] [1.0] [] [6.0] [1.0] [5.0] [1.0] [6.0] [1.0] [] [] [F:87.0] [F:2610.0] [2610.0] [8.888487453E9] 
Row 141: [Navabhagya eng] [30.0] [2.0] [] [1.0] [2.0] [1.0] [2.0] [1.0] [2.0] [] [] [1.0] [2.0] [1.0] [2.0] [] [1.0] [2.0] [] [1.0] [2.0] [1.0] [2.0] [1.0] [2.0] [1.0] [] [2.0] [1.0] [2.0] [1.0] [] [F:36.0] [F:1080.0] [1080.0] [8.237438753E9] 
Row 142: [SBAK Global solution pvt ltd] [] [] [] [] [] [] [] [] [] [] [] [] [] [] [] [] [] [] [] [] [] [] [] [] [] [] [] [] [] [] [] [] [] [] [] [9.834871433E9] 
Row 143: [] [] [] [] [] [] [] [] [] [] [] [] [] [] [] [] [] [] [] [] [] [] [] [] [] [] [] [] [] [] [] [] [] [] [] [262837.0] [] [F:0.0] 
[INFO] ------------------------------------------------------------------------
[INFO] BUILD SUCCESS
[INFO] ------------------------------------------------------------------------
[INFO] Total time:  3.072 s
[INFO] Finished at: 2026-05-26T12:00:13+05:30
[INFO] ------------------------------------------------------------------------
